Movi Live Data
2013-01-23  21:02:02

Time(seconds)	lb-ft
20.485718	0
22.073292	0
23.598377	0
25.116252	0
26.779000	0
28.310089	0
29.765949	0
31.271622	0
32.779264	0
34.247026	0
36.104498	0
37.641624	0
39.146054	0
40.502082	0
41.891236	0
43.277507	0
44.670238	0
46.016058	0
47.403494	0
48.787018	0
50.159237	0
51.540908	0
52.892075	0
54.275405	0
55.639032	0
57.000209	3.1
58.399190	6.5
59.765246	9.6
61.170084	17.54
62.525898	23.74
63.878820	26.56
65.240225	23.89
66.663404	39.72
68.021102	22.8
69.421566	0
70.778246	0
72.142698	0
73.502103	0
74.863311	0
76.232602	0
77.605978	9.1
78.944756	27.95
80.352049	33.48
81.732132	57.14
83.059124	43.1
84.389837	32.02
85.724006	23.87
87.118853	22.04
88.502807	13.04
89.889104	19.03
91.226865	16
92.583706	5.9
93.913152	0
95.244505	0
96.595914	0
97.925982	0
99.298805	0
100.661090	0
102.019710	0
103.375496	0
104.700099	0
106.039292	0
107.396060	0
108.765874	0
110.125309	0
111.490794	0
112.816494	0
114.150649	0
115.480371	0
116.817652	0
118.197313	0
119.535261	0
120.895740	12.53
122.300346	28.23
123.633671	40.84
124.999677	54.54
126.334581	57.28
127.703541	43.85
129.057447	0
130.438160	0
131.771050	0
133.129642	0
134.496427	0
135.826313	0
137.195645	0
138.559161	15.72
139.891174	33.77
141.247618	43.03
142.589825	59.61
143.919766	68.34
145.272477	53.34
146.667133	44.81
148.019357	5.9
149.364182	0
150.758952	0
152.103139	0
153.472192	0
154.822763	0
156.154626	0
157.534160	0
158.889718	0
160.242965	0
161.627509	8
162.962927	13.04
164.290781	16.89
165.625395	6.3
166.970687	0
168.326412	0
169.651112	0
170.992656	0
172.411278	0
173.753360	0
175.111554	0
176.476692	0
177.840162	18.25
179.192297	34.89
180.557779	40.09
181.908146	49.16
183.272411	41
184.604069	16.07
185.963865	0
187.318953	0
188.713284	0
190.098111	0
191.484784	6.3
192.821303	9.4
194.180308	6.5
195.505495	13.14
196.833863	21.22
198.216868	27.04
199.537161	29.12
200.893982	27.44
202.234098	27.79
203.570463	18.34
204.929483	5.8
206.252131	0
207.598322	0
208.956603	0
210.341145	0
211.675488	0
213.048989	0
214.379018	0
215.710441	0
217.062728	0
218.414744	0
219.754478	0
221.108708	0
222.463535	0
223.881143	21.6
225.227142	37.77
226.596567	49.38
227.965539	72.96
229.329714	122.4
230.662196	155.5
232.019836	73.64
233.386017	34.09
234.744359	0
236.102142	0
237.465616	0
238.806418	0
240.164159	0
241.560544	0
242.900634	0
244.236299	0
245.578398	0
246.909026	0
248.268627	0
249.626715	0
250.949252	0
252.307817	0
253.648071	0
255.020946	0
256.375465	0
257.710726	0
259.079881	0
260.441487	0
261.806386	0
263.175510	0
264.533492	0
265.904639	0
267.252150	0
268.620333	0
269.954496	0
271.279626	0
272.666932	0
274.038806	0
275.468493	1.6
276.807514	10.89
278.196511	23.54
279.528780	41.71
280.888098	54.27
282.274402	80.43
283.649808	80.08
285.011093	95.35
286.366691	70.68
287.731478	46.72
289.065844	13.47
290.433967	0
291.799019	0
293.136160	0
294.493721	0
295.838175	0
297.231036	4.3
298.605434	4.4
299.963790	4.1
301.329657	12.27
302.667334	20.76
304.030690	25.37
305.356291	35.13
306.711993	34.92
308.043476	26.71
309.405856	22.46
310.761370	13.64
312.140651	4.6
313.477327	4.6
314.807469	4.6
316.159165	0
317.499572	0
318.873060	0
320.237237	0
321.602874	0
322.930139	0
324.296068	0
325.659264	0
327.014783	0
328.388813	4.6
329.739841	4.6
331.077643	4.5
332.421155	4.5
333.784681	0
335.114654	0
336.459696	0
337.819577	0
339.155279	0
340.514763	0
341.843705	0
343.223861	0
344.584588	0
345.925270	0
347.254416	0
348.612370	0
349.976735	0
351.364262	0
352.704718	0
354.035283	0
355.406144	0
356.766843	0
358.117836	0
359.473632	0
360.812616	0
362.186529	0
363.538410	0
364.901495	0
366.245534	0
367.612936	0
369.024004	0
370.374801	0
371.732623	0
373.114405	0
374.482663	0
375.873754	0
377.207245	0
378.553554	0
379.925821	0
381.289114	0
382.627177	0
384.005154	0
385.340312	0
386.675171	0
388.071348	0
389.430216	0
390.761332	0
392.130679	0
393.497830	0
394.833810	0
396.191180	0
397.531955	0
398.864667	0
400.236674	0
401.595598	0
402.954362	0
404.335759	0
405.722670	1.3
407.070116	10.39
408.442828	21.84
409.831338	27.78
411.169516	29.46
412.502782	36.81
413.830073	20.08
415.159403	0
416.546494	2.4
417.895848	5.1
419.258820	10.61
420.589333	18.76
421.924998	33.66
423.281891	51.23
424.648228	94.02
425.978878	108.8
427.354437	113.9
428.742430	89.51
430.099893	76.5
431.487120	115.6
432.814959	133.3
434.145897	86.53
435.511161	54.9
436.839942	0
438.169574	0
439.495898	0
440.836910	0
442.207572	0
443.565414	0
444.924961	0
446.279428	0
447.643828	0
449.006930	11.37
450.388329	39.82
451.722398	47.83
453.062374	67.54
454.400134	73.17
455.732138	101.5
457.068227	115.6
458.426165	114.7
459.814161	56.47
461.140479	0
462.476016	0
463.826421	0
465.137871	0
466.473971	5.7
467.805856	25.23
469.131302	55.23
470.479469	76.15
471.803502	51.17
473.157005	6.5
474.538354	0
475.902739	0
477.239589	0
478.606695	0
479.937577	0
481.290537	0
482.621120	0
483.977242	0
485.330488	0
486.693671	0
488.117311	0
489.474383	0
490.808757	0
492.147417	0
493.561156	0
494.897862	0
496.266611	0
497.599572	0
498.938819	0
500.258835	0
501.624656	6.5
502.955343	13.13
504.311938	19.45
505.690758	13.04
507.023398	6.4
508.390236	4.2
509.740602	8.8
511.072508	21.89
512.407800	22.27
513.835147	6.5
515.196472	0
516.567844	0
517.930553	0
519.280326	0
520.670013	0
522.052094	0
523.372717	0
524.698179	0
526.039130	6.5
527.375942	6.6
528.744432	0
530.104634	0
531.447867	0
532.789286	0
534.167016	0
535.521086	0
536.876179	0
538.206866	0
539.562675	0
540.897004	6.5
542.229458	38
543.566655	40.43
544.921736	57.09
546.254738	68.81
547.588495	110.1
548.937351	75.3
550.306284	0
551.669526	0
553.003238	0
554.362187	0
555.715602	0
557.059629	0
558.376390	0
559.733594	0
561.063457	0
562.398226	0
563.734633	0
565.100278	0
566.470269	0
567.864637	0
569.229134	0
570.555256	0
571.945396	0
573.291287	0
574.637826	0
576.001957	0
577.338886	0
578.728873	0
580.058519	0
581.412084	1.5
582.771635	12.78
584.165374	28.97
585.531010	45.51
586.855956	55.81
588.187972	92.85
589.512505	90.02
590.870074	82.23
592.231768	95.31
593.567353	79.88
594.952955	62.56
596.296552	66.46
597.662003	37.39
598.991310	25.31
600.310261	12.84
601.688546	6.5
603.025636	6.5
604.399672	0
605.772804	0
607.170280	6.4
608.514214	0
609.845930	6.5
611.174105	12.94
612.555507	12.98
613.889806	4.6
615.244630	9.2
616.572596	9.2
617.966092	13.71
619.352563	19.99
620.781504	11.57
622.105645	6.4
623.447976	0
624.769109	0
626.113562	0
627.460969	0
628.799061	0
630.138618	0
631.468582	0
632.836416	0
634.164759	0
635.504537	6.7
636.834685	13
638.172846	19.45
639.508283	25.91
640.904754	12.97
642.262476	6.5
643.573220	0
644.940067	0
646.287504	0
647.620473	0
648.969607	0
650.326218	6.5
651.726491	0
653.061577	0
654.418024	0
655.779864	0
657.115944	0
658.464090	0
659.824389	6.4
661.179079	12.84
662.522370	25.53
663.841812	25.61
665.179427	31.88
666.515202	25.5
667.894628	25.52
669.229553	25.77
670.580380	12.85
671.938736	6.5
673.303741	0
674.672614	0
676.027316	0
677.394560	0
678.767634	0
680.137641	0
681.504219	0
682.841152	0
684.186673	0
685.522045	0
686.885892	0
688.233445	0
689.619748	0
690.949641	0
692.316067	0
693.734548	0
695.086998	0
696.437033	0
697.797112	0
699.157480	0
700.536691	0
701.928088	0
703.271256	0
704.608961	0
705.980520	0
707.316514	0
708.691468	0
710.019983	0
711.416306	0
712.746648	0
714.136818	0
715.472248	0
716.822425	0
718.157820	0
719.509737	0
720.840399	0
722.195639	0
723.524199	0
724.858494	0
726.190731	0
727.554704	0
728.878499	0
730.252652	0
731.634898	0
733.002389	0
734.340871	0
735.732704	0
737.066867	0
738.425288	0
739.758331	0
741.093776	0
742.457322	0
743.818590	0
745.182687	0
746.513805	0
747.863954	0
749.221354	0
750.556170	0
751.944546	0
753.308437	0
754.672062	0
756.028766	0
757.401993	0
758.743912	0
760.097083	0
761.462158	0
762.852907	0
764.212594	0
765.571310	0
766.906610	0
768.269194	0.9
769.666248	10.01
771.002391	22.54
772.336096	38.27
773.672395	47.74
775.059094	74.85
776.427936	79.24
777.773635	89.29
779.112649	85.13
780.451328	87.23
781.787105	71.36
783.174972	85.14
784.514186	77.83
785.881132	60.84
787.240305	43.34
788.591355	31.46
789.954651	18.95
791.316636	12.65
792.710342	25.18
794.071613	31.51
795.435834	31.32
796.798620	31.43
798.167179	25.14
799.532173	6.5
800.924644	6.4
802.252208	6.4
803.584801	6.4
804.911784	12.9
806.282544	19.25
807.647088	12.9
808.990945	19.26
810.321828	19.23
811.658787	12.86
812.998580	6.5
814.355533	0
815.680247	0
817.009325	0
818.378052	0
819.726614	0
821.062370	0
822.405840	6.5
823.760021	6.4
825.104795	6.5
826.490734	0
827.830038	0
829.183589	0
830.542824	0
831.900646	0
833.241324	0
834.575991	0
835.962249	0
837.291305	0
838.648700	0
839.983935	6.5
841.349511	25.46
842.685715	25.59
844.046897	25.47
845.427828	19.21
846.761394	12.81
848.094062	0
849.423674	0
850.794366	0
852.118573	0
853.447492	0
854.807038	0
856.144426	0
857.511547	0
858.870607	6.5
860.201268	12.86
861.544188	12.82
862.906368	19.24
864.234164	8.7
865.568605	11.65
866.901293	26.36
868.263156	45.62
869.598886	43.02
870.968859	25.36
872.350731	6.6
873.682177	0
875.007517	0
876.344078	0
877.733116	0
879.079215	0
880.468977	0
881.832231	0
883.166367	0
884.527878	0
885.890549	0
887.229499	0
888.598265	12.84
889.973041	25.37
891.306304	31.48
892.684082	31.55
894.046672	31.1
895.375058	12.87
896.701556	0
898.068641	0
899.394705	0
900.736352	9
902.093294	31.58
903.435880	45.73
904.771281	60.59
906.103620	72.79
907.442485	56.72
908.776600	25.92
910.133036	0
911.494439	0
912.901572	0
914.229275	0
915.564671	0
916.899049	0
918.304651	0
919.698487	0
921.030801	0
922.396751	4
923.729423	32.78
925.065221	50.59
926.450681	38.11
927.797817	36.75
929.191707	12.93
930.557018	0
931.885077	0
933.219427	6.5
934.580303	6.5
935.960737	0
937.299334	0
938.683786	0
940.043318	0
941.390240	6.5
942.754117	0
944.108475	0
945.471787	0
946.819549	0
948.153726	0
949.484649	0
950.845926	0
952.204219	0
953.558460	0
954.920757	0
956.301132	0
957.675676	0
959.037383	0
960.392413	0
961.720468	0
963.074456	0
